1 4995 2797 1961 1291 1240
2 4995 4995 2268 2268 3147
3 1221 5378 3114 1370 1221
4 6333 8961 6333 3793 8360
5 4993 4993 1 4896 40815
6 2194 2115 1954 4995 59315
7 1221 2542 58559 1407 8368
8 3114 1097 4995 5989 1961
9 260 1214 367 260 541
10 541 260 3481 58559 608
11 6333 5349 6365 8961 5816
12 5952 7153 33794 8360 4995
13 1210 1 260 2987 59315
14 1374 2804 1090 1028 2081
15 1393 7438 500 5989 150
16 1407 750 1222 500 2268
17 1580 2628 47 1097 316
18 59315 1732 2081 2762 4995
19 5952 5952 1917 1552 733
20 2115 1954 2028 1258 2640
21 1221 2194 1954 6377 1407
22 8360 1407 736 8360 587
23 1917 1552 1210 3481 608
24 1210 1917 1196 1552 3114
25 7153 4993 1221 8360 2987
26 1393 2028 595 2329 1407
27 1193 1580 1246 750 2396
28 33794 8961 260 4886 1
29 8360 6377 8368 367 2542
30 8665 1196 1210 1213 1196
31 4995 2797 4995 2081 2268
32 1036 593 2115 1954 367
33 1732 1210 111 8636 3114
34
35 1210 1196 59315 2028 58559
36 588 588 3114 2762 480
37 8665 1407 8360 6333 5989
38 1036 329 2628 19 733
39 5952 5952 1210 1210 5349
40 750 8360 50 6377 8961
41 1214 1258 2115 1954 1917
42 2028 4995 1097 2329 2268
43 1917 1552 3114 442 2
44 904 2762 593 318 2858
45 8961 2797 260 4886 1
46 3114 2355 1407 500 3949
47 1221 33794 1036 750 6333
48 3114 1954 34 1517 34
49 1917 1240 1552 2355 2028
50 3114 34 1517 500 1198
51 5349 8360 5349 2329 6874
52 780 595 1387 1721 908
53 4995 6377 736 4886 8360
54 1210 1917 1196 1552 59315
55 1407 1370 4011 6539 165
56 1210 1213 2987 4995 1210
57 750 4995 2797 780 1036
58 4886 6333 8360 8636 3793
59 1213 1222 593 6874 50
60 6333 8636 3793 541 185
61 33794 59315 8961 4886 1
62 858 8360 1210 5378 1200
63 1407 4995 3949 2268 3147
64 1196 1213 750 1208 59315
65 1221 1210 1258 1370 1210
66 1407 2987 4995 3114 1210
67 1210 4896 8368 3114 6333
68 8360 8368 40815 8368 8360
69 3114 2355 1580 2628 2617
70 1252 904 2329 1193 1265
71 2542 750 1732 2355 1407
72 2640 2268 2268 1610 587
73 2194 5378 59315 59315 329
74 58559 1210 1036 1210 1200
75
76 58559 5418 8360 59315 8360
77 1221 733 59315 1393 1221
78 5378 4995 8360 2268 30707
79 1097 1917 1552 1584 111
80 1036 1732 593 908 1732
81 2987 4995 3114 2081 919
82 1196 260 2194 924 4995
83 5816 1258 8360 1370 5816
84 1580 4995 2628 5445 780
85 1210 1196 1407 4995 59315
86 1097 1196 1584 47 111
87 1210 8360 5816 5816 8360
88 4993 8368 5816 4993 40815
89 1210 3114 1097 1196 2355
90 8665 1258 2355 2987 8961
91 3114 2355 2987 4995 3114
92 1221 5349 6333 1210 1210
93 1221 1407 4886 2797 3114
94 5952 7153 33493 1196 1200
95 924 1193 5445 858 1265
96 260 260 4011 4995 59315
97 4306 6539 4886 2115 1954
98 7153 7153 5989 150 1196
99 3114 2355 3114 919 47
100 2115 1954 2194 2640 2683
101 5378 59315 59315 6874 2329
102 1407 8368 40815 8368 3949
103 8360 1210 1258 1580 2268
104 8665 1954 8368 40815 1
105 33794 1196 260 3114 260
106 7438 2028 4306 5418 4886
107 1407 2081 5445 2355 2081
108 5952 1407 7153 4995 1221
109 1917 1407 1552 1580 4995
110 2542 1954 6333 1258 1097
111 3114 2355 2617 1917 4886
112 500 780 480 736 367
113 2987 2081 2355 3114 2081
114 1517 4995 1222 500 1036
115 8360 1210 1196 6377 344
116 4995 339 2268 356 1393
117 858 59315 59315 595 1258
118 59315 1393 34 344 367
119 1407 150 8665 6333 1258
120 1917 1552 2987 4995 3114
121 4995 733 3114 2268 3147
122 595 2692 1527 2353 165
123 1258 4886 4886 1370 6333
124 33794 1258 924 4995 4995
125 3114 2355 2081 4995 2355
126 5445 2355 2 185 2987
127 7153 7153 1196 8360 260
128 2028 2355 33794 364 3114
129 8360 40815 40815 1258 59315
130 1407 5378 527 595 4995
131 4995 2268 30707 5989 1407
132 588 1 1393 480 1580
133 8665 8368 8636 2542 5816
134 1213 6874 329 4226 2628
135 8360 8368 5816 8360 40815
136 2012 2355 2194 5378 344
137 1036 750 1210 5989 1196
138 260 260 2194 1036 2683
139 40815 8360 40815 4995 6377
140 4995 527 2268 1246 1080
141 1407 34 3949 2355 2987
142 2542 1036 1407 4995 1732
143 1407 3949 2797 2628 736
144 1917 1407 1552 2355 5445
145 3114 2355 2081 595 2355
146 1036 8360 6377 33794 1097
147 7153 8368 7153 8360 8360
148 2542 8368 5952 33794 8368
149 4995 8360 1221 1258 2268
150 4995 2797 2028 4995 733
151 5378 5378 1407 527 1917
152 7153 4993 3114 8360 2355
153 1917 1552 3114 5445 442
154 1407 2194 5378 733 59315
155 150 364 2329 1270 1393
156 2542 3114 2011 595 2194
157 33794 8961 260 4886 1
158 1407 2115 1954 7438 4995
159 736 4995 595 4995 1387
160 1407 4995 3949 780 2268
161 1704 1097 2797 1584 34
162 1213 5952 4995 1407 4995
163 4995 1097 1222 6333 2268
164 6539 1732 3114 6377 3114
165 7153 4993 8360 8360 8961
166 1200 608 2 587 2797
167 3114 1258 2355 1407 1370
168 5349 1917 1552 2355 5349
169 7153 4993 4995 1 5989
170 1221 2115 1954 1291 2640
171 541 4995 4995 2797 3481
172 1196 1196 2628 59315 3114
173 364 1 2355 588 364
174 7153 7153 8368 4011 2194
175 2194 59315 1407 5418 6
176 260 3114 1214 260 2355
177 2194 2115 4995 59315 59315
178 40815 40815 3114 8360 2355
179 1036 3114 3114 919 34
180 5952 2542 4993 8665 1221
181 1917 1552 2987 832 588
182 4995 1097 541 150 2268
183 3114 2355 4995 2617 2797
184 5952 8368 5816 7153 40815
185 750 8360 6377 3793 1210
186 1222 33794 1393 4896 4896
187 5445 4995 4995 2797 2355
188 1517 595 1198 1097 50
189 1 2355 34 588 3751
190 4995 2268 3147 1407 1246
191 2987 4995 3114 2081 2028
192 1213 2115 2028 1198 1097
193 2028 4995 1917 2797 2268
194 750 59315 1617 2683 58559
195 5378 595 2329 4963 2692
196 5378 1917 1552 2194 733
197 1213 8360 8360 8961 2355
198 2194 1258 1407 1370 1304
199 6333 2115 150 318 2797
200 4896 40815 5816 367 3751
201 4995 260 260 2797 2268
202 33794 4995 1213 924 8961
203 2012 8360 912 6874 6377
204 8360 4896 5378 3114 2355
205 1210 260 59315 8636 589
206 1097 1584 111 3481 1288
207 1221 344 2329 19 4995
208 2571 780 733 356 593
209 3793 1 367 4886 3751
210 2028 1917 1552 3114 6539
211 1213 1210 1196 1210 111
212 2194 1304 2194 329 2194
213 1917 1407 6333 1552 5349
214 1387 1213 1208 1225 1704
215 6874 1210 4306 2115 1954
216 1221 6539 1258 2683 33493
217 1210 924 1210 59315 1407
218 58559 3114 595 4995 8360
219 1210 1196 2355 8360 59315
220 2011 1036 780 6333 1198
221 1247 858 608 919 587
222 1210 1196 1580 2628 59315
223 2987 2081 595 4995 2355
224 2355 2081 2355 2081 3114
225 33794 5989 150 356 1682
226 2762 780 1 367 4886
227 1214 2012 2194 1954 500
228 1213 1387 908 908 903
229 1222 4995 4995 6874 4995
230 858 595 1097 541 2329
231 1200 1258 3114 1407 2355
232 1097 1917 1552 1584 111
233 1036 150 318 733 58559
234 4896 40815 5816 8665 6539
235 1200 4995 1407 1954 1258
236 7153 4993 1097 4995 59315
237 500 648 4995 5989 4995
238 1196 260 1 1 2987
239 40815 4993 2542 4993 8961
240 2987 4995 3114 919 541
241 5378 3114 1200 1258 2355
242 6874 40815 2194 1036 59315
243 33794 2012 2194 2115 1954
244 8360 5952 6377 7153 1213
245 733 339 1079 587 1240
246 1210 1258 1196 1407 5378
247 5952 7153 2115 1954 1196
248 5445 2355 2 4995 2268
249 8360 33794 6377 1407 8368
250 4896 4896 5816 1258 733
251 1221 1580 1196 2628 4963
252 8360 2542 2355 8360 3793
253 1407 2987 3114 1210 3949
254 33794 8360 1222 6874 1387
255 1097 1584 111 296 356
256 5952 1210 7153 2355 1036
257 858 1213 1210 595 1196
258 318 318 1225 457 1961
259 8360 2194 59315 733 59315
260 367 1917 500 5952 4995
261 1036 541 79132 2804 2692
262 8360 1407 733 1721 260
263 588 595 1704 2028 608
264 1221 924 34 2355 1097
265 4995 2797 2028 2797 1961
266 1210 1196 4995 1221 2268
267 1221 8665 3949 30707 32587
268 1252 1610 736 587 1200
269 2542 593 5989 150 318
270 1407 6539 5349 1214 5349
271 5952 7153 58559 1210 3114
272 2355 2194 2628 7438 2355
273 1222 1097 6874 7361 1584
274 4011 1221 8360 2115 5445
275 5349 1387 58559 509 1517
276 1196 1258 1196 1370 2194
277 34 3114 904 1193 4306
278 4995 2028 4995 2081 541
279 1210 1210 59315 59315 1704
280 1221 2355 1210 34 3114
281 1517 6377 2115 1954 1258
282 8360 5349 8360 6333 2028
283 1580 2628 1704 316 2797
284 5378 1221 1221 59315 59315
285 5378 4995 2797 1610 1961
286 6333 8360 2987 1552 367
287 1917 1407 1552 2355 832
288
289 8665 1213 1210 6377 733
290 1196 260 2115 2115 4995
291 1221 1210 8360 1210 8360
292 8360 7153 8368 5816 7153
293 1917 58559 1954 2762 733
294 1221 40815 40815 2194 1200
295 8360 6377 8360 2081 595
296 33794 1210 924 1196 1387
297 8360 1258 8360 8961 1370
298 1221 1617 1097 1584 593
299 5378 780 1196 1580 1407
300
301 1407 3949 1997 2081 339
302 1210 1210 1291 1393 1407
303 750 4995 1222 1097 6874
304 50 1584 47 1193 733
305 1221 1221 4995 59315 4995
306 1221 2542 1221 4995 58559
307 832 4963 5445 153 2
308 1210 1210 1036 4306 4896
309
310 1258 6333 6377 8360 6333
311 2355 1407 1210 2028 3949
312 6333 6333 2355 3793 1210
313 1210 33794 1210 4011 2115
314 527 2797 7153 4993 2011
315 2628 8360 2542 6333 8360
316 10 733 780 4995 4995
317 1917 1552 442 2 368
318 1407 329 3949 2 733
319 50 1247 8360 1584 47
320 1222 2355 6874 7361 1225
321 750 1252 904 1222 1206
322 1221 8360 5989 150 1247
323 40815 2987 8360 8360 919
324
325 260 260 3114 3114 2194
326 7438 1214 1210 1198 5378
327 1210 4896 4896 5816 1210
328 3114 1196 2355 1196 59315
329 47 588 733 4995 2081
330 736 2028 8360 3408 1704
331 1732 1 2762 4973 778
332 1221 1198 150 8961 2355
333 1221 3114 1210 527 4995
334 1221 1208 1225 912 1997
335 1210 1196 59315 2028 34
336 1210 59315 1210 316 1214
337 1407 2028 3949 1240 2355
338 4993 4993 4995 2011 8360
339 7153 4011 7153 1213 4995
340 2355 1225 1961 1682 1097
341 1407 750 4995 4995 1732
342 1221 1196 3114 1196 2355
343 1407 2194 2115 1954 2081
344 1221 6333 1221 6333 8360
345 2194 1954 8360 59315 8360
346 5378 1221 2194 1200 59315
347 4995 1222 4995 5989 2329
348 4011 1732 111 1407 1258
349 5952 2542 7153 2194 1954
350 1221 6333 5349 733 6365
351 1210 1210 33794 4995 8360
352 1221 1258 4995 8368 4896
353 3114 2355 1407 4995 2028
354 2542 1213 1954 1407 2194
355 1732 111 1258 1387 1213
356 3114 2355 2081 2355 2081
357 1407 2115 4995 59315 59315
358 1221 2797 4995 2918 1580
359 1407 1214 1258 3949 1222
360 1196 1917 1196 1552 1221
361 1407 8360 1221 2542 4995
362 3114 3114 2194 59315 3114
363 1036 4995 1222 6539 2115
364 5952 5952 5349 2011 3793
365 5349 6333 2542 8360 8636
366 1210 1210 2542 2115 1954
367 5378 1210 1214 1196 50
368 4995 2028 4995 2268 1097
369 6874 6333 2683 4995 8961
370 1407 6539 150 1682 2268
371 4963 339 587 185 39
372 4011 1213 4995 1210 1210
373 2628 33493 1196 260 2194
374 1407 4995 2797 3949 1961
375 1407 2028 2355 3949 1387
376 588 2081 2762 3114 2797
377 1036 4995 924 1682 1387
378 4995 33794 1222 2268 1407
379 1407 2115 527 595 1258
380 1221 8360 1 2987 6377
381 6333 2355 6333 8636 3793
382 1210 3114 1196 2355 2987
383 8961 4886 2194 1036 8961
384 1407 4995 4995 3949 1097
385 2028 33794 364 34 589
386 588 4995 1210 595 1393
387 1954 8360 367 908 3147
388 4995 2268 3147 733 539
389 1258 1917 1552 2194 1213
390 4995 2028 1252 541 1387
391 33794 8961 260 4886 1
392 1193 912 111 344 367
393 40815 40815 6377 33493 5218
394 5378 1196 1196 2194 733
395 3114 2355 1407 4995 2797
396 5349 4306 4886 6333 8360
397 6333 5349 1210 6365 8961
398 1407 4995 3481 608 3949
399 1407 4995 3949 2 2081
400 858 3114 1200 2194 1213
401 4896 4896 4896 2194 1917
402 1036 3114 1193 2355 1097
403 1221 1407 8368 5816 40815
404 33493 4306 40815 6539 40815
405 5952 5952 5378 1222 1208
406 8360 2355 8360 58559 2797
407 5378 2194 59315 59315 1393
408 3114 2355 2987 4995 3114
409 7153 7153 3114 2355 1210
410 4995 2028 1387 2268 908
411 1517 593 2542 8360 595
412 1580 2628 1917 316 1552
413 858 4896 1213 8368 6874
414 832 4963 1917 2 733
415 1407 1580 339 2628 1036
416 6333 736 6333 6333 3793
417 1917 1552 58559 5418 4886
418 5952 2355 5349 6333 1221
419 924 1210 260 260 1580
420 4995 329 733 2268 3147
421 2355 1407 1221 4995 3949
422 1036 1210 1617 924 8961
423 7361 5445 7153 4993 377
424 1221 2683 2355 1407 5418
425 8665 1196 260 2797 1552
426 1 34 2355 593 2329
427 2012 2355 2987 2194 750
428 1407 3949 1997 79132 2804
429 58559 1221 2355 1200 2081
430 858 2542 1213 500 59315
431 5952 1221 2542 4993 3114
432 1221 1210 3114 3114 1221
433 588 2081 3114 1200 2762
434 2194 733 59315 59315 58559
435 924 1097 908 903 1584
436 4995 2797 2081 3114 2762
437 5952 7153 4995 541 2268
438 1407 1213 33493 59315 3949
439 4995 4995 2797 3114 2081
440 7153 1221 4011 7153 2115
441 5952 5952 33794 7438 1407
442 1214 1258 1370 2194 2115
443 1387 908 541 1252 111
444 4995 4995 2268 2268 3147
445 5816 5816 5418 5349 4995
446 1407 6539 1704 4995 4995
447 1407 2194 2115 1954 2115
448 1407 2081 4995 2355 3114
449 1407 1036 8360 1393 736
450 1210 1196 904 1193 59315
451 924 1210 8360 1210 8360
452 2011 6333 5349 733 6365
453 4011 1210 33794 1210 59315
454 7153 4993 1917 19 1552
455 8360 2194 2115 1954 2115
456 1221 1221 750 1097 2268
457 5378 6874 4995 8360 1407
458 1210 3114 1196 2355 59315
459 1210 8360 1210 2115 1954
460 4995 59315 4886 58559 2683
461 2683 2115 344 4995 367
462 7153 8360 7153 6377 8368
463 1210 1196 2081 539 2355
464 1221 8368 8368 8368 5989
465 1214 367 4886 3751 1954
466 1393 2355 1097 2329 1610
467 1954 32587 1206 40815 40815
468 296 47 356 593
469 3114 2355 2617 4886 32587
470 1036 59315 1407 2194 4995
471 8360 1407 2115 733 8360
472 8360 1258 8360 6377 8961
473 1213 588 2081 1210 1200
474 1258 1370 2115 1954 750
475 2329 1407 589 595 3949
476 2762 733 318 3793 4306
477 4896 40815 5816 1196 6874
478 8368 40815 1407 8368 5349
479 1258 2355 1221 1221 733
480 1036 2194 8360 59315 59315
481 1200 1036 1196 260 1610
482 1407 1221 4995 1370 6377
483 1917 1552 442 2 368
484 1198 260
485 2355 2987 2194 344 2355
486 832 5445 2355 4963 2028
487 1036 1732 1222 1387 1214
488 1 2355 34 588 3751
489 1580 2628 316 380 208
490 3114 2355 595 2617 2329
491 1252 924 750 2997 541
492 2987 1 919 1097 185
493 1407 8665 541 4995 1387
494 2987 3114 2028 919 4995
495 1258 1917 1407 1552 1370
496 1954 1210 1291 1214 1036
497 2081 595 2355 364 3114
498 924 1196 1222 1196 541
499 2268 30707 587 3623 2268
500 2987 8368 40815 5349 34
501 2683 4995 2115 3114 1200
502 1221 33794 3114 2355 1407
503 344 367 2791 780 590
504 4306 59315 59315 5418 4886
505 1221 3114 2355 367 231
506 1196 1196 2194 59315 4963
507 1407 2987 4995 4995 3114
508 58559 8360 59315 8360 59315
509 1407 924 2355 3949 1997
510 4995 1097 1222 541 2268
511 4995 4995 4995 1682 2268
512 1407 4995 2028 3949 2268
513 1221 2115 1954 4995 59315
514 8360 8961 2355 4306 6377
515 1407 832 4995 4963 2028
516 2081 5445 2355 2081 2355
517 5378 4886 3751 4995 59315
518 5952 1210 1221 7153 1196
519 2542 6874 4995 59315 59315
520 5952 1210 7153 33794 1210
521 7153 7153 150 318 2115
522 1221 8368 8665 8360 5816
523 6874 5349 736 364 356
524 5952 7153 33493 8360 1258
525 4896 40815 5816 5952 500
526 1221 527 1954 364 59315
527 4011 1210 6333 6333 58559
528 2987 5349 3114 4886 6333
529 3114 2355 2194 2081 59315
530 5218 6333 150 6333 736
531 5378 6333 8961 4306 8636
532 1210 1210 1407 6333 5349
533 3114 2081 595 4995 4995
534 1407 3949 1997 4995 5349
535 1210 1196 2987 367 2081
536 3114 1917 2355 1552 2194
537 3114 2355 4995 2617 1222
538 1 4995 1393 2028 1097
539 4995 2268 3147 1246 1080
540 595 1291 3948 1517 1527
541 33794 8360 8360 3114 8360
542 1196 3114 1917 1196 2355
543 1221 1036 1210 2797 1210
544 1222 2329 1387 587 908
545 5952 4993 33794 1200 344
546 2028 3114 364 6874 260
547 1210 1196 4995 59315 3114
548 1213 924 541 1208 1225
549 4011 260 1954 59315 260
550 1258 19 1370 2355 231
551 1407 3481 608 3949 1288
552 2628 2542 2194 1954 1517
553 1221 5952 7153 1210 2028
554 1196 4995 59315 58559 2268
555 1407 4995 4995 2797 1036
556 2115 19 1198 1291 367
557 8360 6377 1407 2355 750
558 1407 367 4886 3751 1213
559 1221 4995 4995 1291 2268
560 58559 8360 40815 40815 59315
561 58559 1954 1258 4995 59315
562 8360 6377 1221 7153 4993
563 3114 832 5445 59315 3114
564 2355 1097 1584 111 1225
565 33794 4995 1196 260 8961
566 2542 1036 5952 4995 1222
567 1407 4995 185 780 3949
568 1221 2115 1954 4995 1291
569 5816 1407 5816 500 1517
570 780 4995 2797 1961 6874
571 33794 1221 8368 4896 8961
572 1 3114 367 4886 3751
573 1258 4995 2329 2268 3147
574 5952 8368 5816 7153 40815
575 2329 2194 750 733 59315
576 1221 40815 5418 40815 1214
577 1221 4306 1407 5418 4886
578 7361 5445 32 3996 5952
579 5989 5989 150 34 5418
580 296 318 593 858 6874
581 8360 1210 8360 6333 6333
582 33794 4995 8961 260 2268
583 8360 3114 8360 1407 5218
584 1221 1200 1407 2115 1954
585 7438 500 5989 150 8360
586 8360 8665 2115 1954 344
587 1407 1580 4995 2628 2028
588 1917 2 2081 1097 1552
589 4995 4995 2797 541 1961
590 364 1198 2194 3114 608
591 5378 1258 2194 59315 733
592 1917 1552 4995 2268 368
593 4011 2115 1954 5378 59315
594 2987 1407 367 4886 1221
595 2268 2268 908 1393 4886
596 3114 3114 367 4886 3751
597 7153 7153 8360 8368 1221
598 1210 5952 5952 1210 2012
599 8360 8961 2355 595 2355
600 33794 1732 8961 260 6711
601 1407 2081 4995 2355 2081
602 2683 2194 2081 59315 2355
603 47 288 5445 1732 1291
604 2355 2987 367 3114 919
605 1213 1732 1193 903 2329
606 58559 4995 4995 45722 59315
607 3949 1097 1222 1387 1247
608 1221 1407 3949 1036 1923
609 2542 4995 1732 1682 1682
610 8360 2081 595 2355 6333
611 5952 7153 8368 2628 33493
612 1221 1210 1196 5349 4886
613 2115 1954 1291 1210 1617
614 2542 1221 2355 3114 8665
615 1210 1196 1221 59315 3114
616 1036 2028 344 3949 1517
617 1407 8360 3949 1222 1247
618 2081 4995 4995 2355 2797
619 2628 1210 7438 5349 1210
620 733 1196 8360 260 2355
621 5952 5952 1210 1210 4306
622 4993 4993 8360 8360 2355
623 1258 1407 34 588 8360
624 4896 40815 5816 150 318
625 1221 6333 5349 1196 1
626 1213 58559 1210 8665 8360
627 47 2542 2762 541 2959
628 1407 5445 339 2355 2
629 3114 903 2355 1617 4995
630 1210 260 593 4995 59315
631 8360 6377 1407 1196 260
632 4995 4995 2797 4995 2268
633 1213 4995 2268 3147 1246
634 1407 3949 1997 1097 79132
635 1097 3114 1584 919 111
636 1213 924 4995 541 2268
637
638 4995 1222 2268 3147 1407
639 1221 1917 1196 1552 59315
640 1917 1552 5445 4995 2355
641 750 1252 1580 1198 1073
642 1210 33794 1210 1213 4995
643 2028 2355 1097 912 1584
644 4896 8368 5349 3114 3793
645 1552 367 4886 3751 2194
646 1210 1196 1407 2987 1222
647 8360 5989 150 5349 1393
648 1407 367 231 3114 1923
649 1917 1552 442 2 368
650 1210 1210 2115 59315 59315
651 1917 1552 150 329 2
652 2683 2987 2081 733 2355
653 1221 58559 1954 1258 59315
654 33794 8360 8360 2115 1954
655 1221 5378 1 1 367
656 1407 3949 1997 4995 2797
657 3114 2081 4995 1196 2355
658 1221 1407 5445 4995 59315
659 8368 4896 7438 33794 2628
660 4993 4993 4995 1393 2268
661 4995 2028 4995 780 2268
662 3114 2355 1407 4995 3949
663 8360 8360 2194 1954 500
664 7153 8368 5816 7153 40815
665 4995 2268 30707 1407 5989
666 1097 1584 832 111 4995
667 858 1407 3949 1097 1584
668 1196 59315 1517 58559 2194
669 1517 1407 5378 4995 3114
670 7153 8368 7153 40815 1210
